The puzzle to be solved:
[1, 0, 0, 0, 0, 7, 0, 9, 0]
[0, 3, 0, 0, 2, 0, 0, 0, 8]
[0, 0, 9, 6, 0, 0, 5, 0, 0]
[0, 0, 5, 3, 0, 0, 9, 0, 0]
[0, 1, 0, 0, 8, 0, 0, 0, 2]
[6, 0, 0, 0, 0, 4, 0, 0, 0]
[3, 0, 0, 0, 0, 0, 0, 1, 0]
[0, 4, 0, 0, 0, 0, 0, 0, 7]
[0, 0, 7, 0, 0, 0, 3, 0, 0]

Try 4 in square (2,3).
[1, 0, 0, 0, 0, 7, 0, 9, 0]
[0, 3, 4, 0, 2, 0, 0, 0, 8]
[0, 0, 9, 6, 0, 0, 5, 0, 0]
[0, 0, 5, 3, 0, 0, 9, 0, 0]
[0, 1, 0, 0, 8, 0, 0, 0, 2]
[6, 0, 0, 0, 0, 4, 0, 0, 0]
[3, 0, 0, 0, 0, 0, 0, 1, 0]
[0, 4, 0, 0, 0, 0, 0, 0, 7]
[0, 0, 7, 0, 0, 0, 3, 0, 0]

Try 5 in square (2,1).
[1, 0, 0, 0, 0, 7, 0, 9, 0]
[5, 3, 4, 0, 2, 0, 0, 0, 8]
[0, 0, 9, 6, 0, 0, 5, 0, 0]
[0, 0, 5, 3, 0, 0, 9, 0, 0]
[0, 1, 3, 0, 8, 0, 0, 0, 2]
[6, 0, 0, 0, 0, 4, 0, 0, 0]
[3, 0, 0, 0, 0, 0, 0, 1, 0]
[0, 4, 0, 0, 0, 0, 0, 0, 7]
[0, 0, 7, 0, 0, 0, 3, 0, 0]

Try 1 in square (2,4).
[1, 0, 0, 0, 0, 7, 0, 9, 0]
[5, 3, 4, 1, 2, 0, 0, 0, 8]
[0, 0, 9, 6, 0, 0, 5, 0, 0]
[0, 0, 5, 3, 0, 0, 9, 0, 0]
[0, 1, 3, 0, 8, 0, 0, 0, 2]
[6, 0, 0, 0, 0, 4, 0, 0, 0]
[3, 0, 0, 0, 0, 0, 0, 1, 0]
[0, 4, 0, 0, 0, 0, 0, 0, 7]
[0, 0, 7, 0, 0, 0, 3, 0, 0]

Try 6 in square (2,7).
[1, 0, 0, 0, 0, 7, 0, 9, 0]
[5, 3, 4, 1, 2, 9, 6, 0, 8]
[0, 0, 9, 6, 0, 0, 5, 0, 0]
[0, 0, 5, 3, 0, 0, 9, 0, 0]
[0, 1, 3, 0, 8, 0, 0, 0, 2]
[6, 0, 0, 0, 0, 4, 0, 0, 0]
[3, 0, 0, 0, 0, 0, 0, 1, 0]
[0, 4, 0, 0, 0, 0, 0, 0, 7]
[0, 0, 7, 0, 0, 0, 3, 0, 0]

Try 2 in square (1,7).
[1, 0, 0, 0, 0, 7, 2, 9, 0]
[5, 3, 4, 1, 2, 9, 6, 7, 8]
[0, 0, 9, 6, 0, 0, 5, 0, 0]
[0, 0, 5, 3, 0, 0, 9, 0, 0]
[0, 1, 3, 0, 8, 0, 0, 0, 2]
[6, 0, 0, 0, 0, 4, 0, 0, 0]
[3, 0, 0, 0, 0, 0, 0, 1, 0]
[0, 4, 0, 0, 0, 0, 0, 0, 7]
[0, 0, 7, 0, 0, 0, 3, 0, 0]

Try 8 in square (1,2).
[1, 8, 0, 0, 0, 7, 2, 9, 0]
[5, 3, 4, 1, 2, 9, 6, 7, 8]
[0, 0, 9, 6, 0, 0, 5, 0, 0]
[0, 0, 5, 3, 0, 0, 9, 0, 0]
[0, 1, 3, 0, 8, 0, 7, 0, 2]
[6, 0, 0, 0, 0, 4, 1, 0, 0]
[3, 0, 0, 0, 0, 0, 4, 1, 0]
[0, 4, 0, 0, 0, 0, 8, 0, 7]
[0, 0, 7, 0, 0, 0, 3, 0, 0]

Try 4 in square (1,4).
[1, 8, 6, 4, 0, 7, 2, 9, 0]
[5, 3, 4, 1, 2, 9, 6, 7, 8]
[0, 0, 9, 6, 0, 0, 5, 0, 0]
[0, 0, 5, 3, 0, 0, 9, 0, 0]
[0, 1, 3, 0, 8, 0, 7, 0, 2]
[6, 0, 0, 0, 0, 4, 1, 0, 0]
[3, 0, 0, 0, 0, 0, 4, 1, 0]
[0, 4, 0, 0, 0, 0, 8, 0, 7]
[0, 0, 7, 0, 0, 0, 3, 0, 0]

Wrong guess.

Try 5 in square (1,4).
[1, 8, 6, 5, 0, 7, 2, 9, 0]
[5, 3, 4, 1, 2, 9, 6, 7, 8]
[0, 0, 9, 6, 0, 0, 5, 0, 0]
[0, 0, 5, 3, 0, 0, 9, 0, 0]
[0, 1, 3, 0, 8, 0, 7, 0, 2]
[6, 0, 0, 0, 0, 4, 1, 0, 0]
[3, 0, 0, 0, 0, 0, 4, 1, 0]
[0, 4, 0, 0, 0, 0, 8, 0, 7]
[0, 0, 7, 0, 0, 0, 3, 0, 0]

Wrong guess.

Try 6 in square (1,2).
[1, 6, 0, 0, 0, 7, 2, 9, 0]
[5, 3, 4, 1, 2, 9, 6, 7, 8]
[0, 0, 9, 6, 0, 0, 5, 0, 0]
[0, 0, 5, 3, 0, 0, 9, 0, 0]
[0, 1, 3, 0, 8, 0, 7, 0, 2]
[6, 0, 0, 0, 0, 4, 1, 0, 0]
[3, 0, 0, 0, 0, 0, 4, 1, 0]
[0, 4, 0, 0, 0, 0, 8, 0, 7]
[0, 0, 7, 0, 0, 0, 3, 0, 0]

Try 4 in square (1,4).
[1, 6, 8, 4, 0, 7, 2, 9, 0]
[5, 3, 4, 1, 2, 9, 6, 7, 8]
[0, 0, 9, 6, 0, 0, 5, 0, 0]
[0, 0, 5, 3, 0, 0, 9, 0, 0]
[0, 1, 3, 0, 8, 0, 7, 0, 2]
[6, 0, 2, 0, 0, 4, 1, 0, 0]
[3, 0, 6, 0, 0, 0, 4, 1, 0]
[0, 4, 1, 0, 0, 0, 8, 0, 7]
[0, 0, 7, 0, 0, 0, 3, 0, 0]

Wrong guess.

Try 5 in square (1,4).
[1, 6, 8, 5, 0, 7, 2, 9, 0]
[5, 3, 4, 1, 2, 9, 6, 7, 8]
[0, 0, 9, 6, 0, 0, 5, 0, 0]
[0, 0, 5, 3, 0, 0, 9, 0, 0]
[0, 1, 3, 0, 8, 0, 7, 0, 2]
[6, 0, 2, 0, 0, 4, 1, 0, 0]
[3, 0, 6, 0, 0, 0, 4, 1, 0]
[0, 4, 1, 0, 0, 0, 8, 0, 7]
[0, 0, 7, 0, 0, 0, 3, 0, 0]

Wrong guess.

Try 4 in square (1,7).
[1, 0, 0, 0, 0, 7, 4, 9, 0]
[5, 3, 4, 1, 2, 9, 6, 7, 8]
[0, 0, 9, 6, 0, 0, 5, 0, 0]
[0, 0, 5, 3, 0, 0, 9, 0, 0]
[0, 1, 3, 0, 8, 0, 0, 0, 2]
[6, 0, 0, 0, 0, 4, 0, 0, 0]
[3, 0, 0, 0, 0, 0, 0, 1, 0]
[0, 4, 0, 0, 0, 0, 0, 0, 7]
[0, 0, 7, 0, 0, 0, 3, 0, 0]

Try 2 in square (1,2).
[1, 2, 0, 8, 5, 7, 4, 9, 3]
[5, 3, 4, 1, 2, 9, 6, 7, 8]
[0, 0, 9, 6, 4, 3, 5, 2, 1]
[0, 0, 5, 3, 0, 0, 9, 0, 0]
[0, 1, 3, 0, 8, 0, 7, 0, 2]
[6, 0, 0, 0, 0, 4, 0, 0, 5]
[3, 0, 0, 0, 0, 0, 0, 1, 0]
[0, 4, 0, 0, 0, 0, 0, 0, 7]
[0, 0, 7, 0, 0, 0, 3, 0, 0]

Try 8 in square (3,1).
[1, 2, 6, 8, 5, 7, 4, 9, 3]
[5, 3, 4, 1, 2, 9, 6, 7, 8]
[8, 0, 9, 6, 4, 3, 5, 2, 1]
[0, 0, 5, 3, 0, 0, 9, 0, 0]
[0, 1, 3, 0, 8, 0, 7, 0, 2]
[6, 0, 0, 0, 0, 4, 0, 0, 5]
[3, 0, 0, 0, 0, 0, 0, 1, 0]
[0, 4, 0, 0, 0, 0, 0, 0, 7]
[0, 0, 7, 0, 0, 0, 3, 0, 0]

Wrong guess.

Try 7 in square (3,1).
[1, 2, 6, 8, 5, 7, 4, 9, 3]
[5, 3, 4, 1, 2, 9, 6, 7, 8]
[7, 0, 9, 6, 4, 3, 5, 2, 1]
[0, 0, 5, 3, 0, 0, 9, 0, 0]
[0, 1, 3, 0, 8, 0, 7, 0, 2]
[6, 0, 0, 0, 0, 4, 0, 0, 5]
[3, 0, 0, 0, 0, 0, 0, 1, 0]
[0, 4, 0, 0, 0, 0, 0, 0, 7]
[0, 0, 7, 0, 0, 0, 3, 0, 0]

Wrong guess.

Try 6 in square (1,2).
[1, 6, 0, 8, 5, 7, 4, 9, 3]
[5, 3, 4, 1, 2, 9, 6, 7, 8]
[0, 0, 9, 6, 4, 3, 5, 2, 1]
[0, 0, 5, 3, 0, 0, 9, 0, 0]
[0, 1, 3, 0, 8, 0, 7, 0, 2]
[6, 0, 0, 0, 0, 4, 0, 0, 5]
[3, 0, 0, 0, 0, 0, 0, 1, 0]
[0, 4, 0, 0, 0, 0, 0, 0, 7]
[0, 0, 7, 0, 0, 0, 3, 0, 0]

Try 8 in square (3,1).
[1, 6, 2, 8, 5, 7, 4, 9, 3]
[5, 3, 4, 1, 2, 9, 6, 7, 8]
[8, 0, 9, 6, 4, 3, 5, 2, 1]
[0, 0, 5, 3, 0, 0, 9, 0, 0]
[0, 1, 3, 0, 8, 0, 7, 0, 2]
[6, 0, 8, 0, 0, 4, 1, 3, 5]
[3, 0, 6, 0, 0, 0, 0, 1, 0]
[0, 4, 1, 0, 0, 0, 0, 0, 7]
[0, 0, 7, 0, 0, 0, 3, 0, 0]

Wrong guess.

Try 7 in square (3,1).
[1, 6, 2, 8, 5, 7, 4, 9, 3]
[5, 3, 4, 1, 2, 9, 6, 7, 8]
[7, 0, 9, 6, 4, 3, 5, 2, 1]
[0, 0, 5, 3, 0, 0, 9, 0, 0]
[0, 1, 3, 0, 8, 0, 7, 0, 2]
[6, 0, 8, 0, 0, 4, 1, 3, 5]
[3, 0, 6, 0, 0, 0, 0, 1, 0]
[0, 4, 1, 0, 0, 0, 0, 0, 7]
[0, 0, 7, 0, 0, 0, 3, 0, 0]

Try 2 in square (4,1).
[1, 6, 2, 8, 5, 7, 4, 9, 3]
[5, 3, 4, 1, 2, 9, 6, 7, 8]
[7, 8, 9, 6, 4, 3, 5, 2, 1]
[2, 0, 5, 3, 0, 0, 9, 0, 0]
[0, 1, 3, 0, 8, 0, 7, 0, 2]
[6, 0, 8, 0, 0, 4, 1, 3, 5]
[3, 0, 6, 0, 0, 0, 0, 1, 0]
[0, 4, 1, 0, 0, 0, 0, 0, 7]
[0, 0, 7, 0, 0, 0, 3, 0, 0]

Wrong guess.

Try 4 in square (4,1).
[1, 6, 2, 8, 5, 7, 4, 9, 3]
[5, 3, 4, 1, 2, 9, 6, 7, 8]
[7, 8, 9, 6, 4, 3, 5, 2, 1]
[4, 0, 5, 3, 0, 0, 9, 0, 0]
[0, 1, 3, 0, 8, 0, 7, 0, 2]
[6, 0, 8, 0, 0, 4, 1, 3, 5]
[3, 0, 6, 0, 0, 0, 0, 1, 0]
[0, 4, 1, 0, 0, 0, 0, 0, 7]
[0, 0, 7, 0, 0, 0, 3, 0, 0]

Try 2 in square (4,2).
[1, 6, 2, 8, 5, 7, 4, 9, 3]
[5, 3, 4, 1, 2, 9, 6, 7, 8]
[7, 8, 9, 6, 4, 3, 5, 2, 1]
[4, 2, 5, 3, 0, 0, 9, 8, 6]
[9, 1, 3, 5, 8, 6, 7, 4, 2]
[6, 0, 8, 0, 0, 4, 1, 3, 5]
[3, 0, 6, 0, 0, 0, 0, 1, 0]
[0, 4, 1, 0, 0, 0, 0, 0, 7]
[0, 0, 7, 0, 0, 0, 3, 0, 0]

Wrong guess.

Try 7 in square (4,2).
[1, 6, 2, 8, 5, 7, 4, 9, 3]
[5, 3, 4, 1, 2, 9, 6, 7, 8]
[7, 8, 9, 6, 4, 3, 5, 2, 1]
[4, 7, 5, 3, 0, 0, 9, 8, 6]
[9, 1, 3, 5, 8, 6, 7, 4, 2]
[6, 0, 8, 0, 0, 4, 1, 3, 5]
[3, 0, 6, 0, 0, 0, 0, 1, 0]
[0, 4, 1, 0, 0, 0, 0, 0, 7]
[0, 0, 7, 0, 0, 0, 3, 0, 0]

Try 9 in square (6,4).
[1, 6, 2, 8, 5, 7, 4, 9, 3]
[5, 3, 4, 1, 2, 9, 6, 7, 8]
[7, 8, 9, 6, 4, 3, 5, 2, 1]
[4, 7, 5, 3, 1, 2, 9, 8, 6]
[9, 1, 3, 5, 8, 6, 7, 4, 2]
[6, 2, 8, 9, 0, 4, 1, 3, 5]
[3, 0, 6, 0, 0, 0, 0, 1, 0]
[0, 4, 1, 0, 0, 0, 0, 0, 7]
[0, 0, 7, 0, 0, 0, 3, 0, 0]

Wrong guess.

Try 7 in square (6,4).
[1, 6, 2, 8, 5, 7, 4, 9, 3]
[5, 3, 4, 1, 2, 9, 6, 7, 8]
[7, 8, 9, 6, 4, 3, 5, 2, 1]
[4, 7, 5, 3, 1, 2, 9, 8, 6]
[9, 1, 3, 5, 8, 6, 7, 4, 2]
[6, 2, 8, 7, 0, 4, 1, 3, 5]
[3, 0, 6, 0, 0, 0, 0, 1, 0]
[0, 4, 1, 0, 0, 0, 0, 0, 7]
[0, 0, 7, 0, 0, 0, 3, 0, 0]

We found the solution:
[1, 6, 2, 8, 5, 7, 4, 9, 3]
[5, 3, 4, 1, 2, 9, 6, 7, 8]
[7, 8, 9, 6, 4, 3, 5, 2, 1]
[4, 7, 5, 3, 1, 2, 9, 8, 6]
[9, 1, 3, 5, 8, 6, 7, 4, 2]
[6, 2, 8, 7, 9, 4, 1, 3, 5]
[3, 5, 6, 4, 7, 8, 2, 1, 9]
[2, 4, 1, 9, 3, 5, 8, 6, 7]
[8, 9, 7, 2, 6, 1, 3, 5, 4]
